00 02 4 8
(-55.273495, -43.47859)
(-53.265312, -42.2019)
(-52.41164, -41.329727)
(-52.51992, -40.66826)
00 02 3 6
(-55.27147, -43.479057)
(-56.00504, -43.53273)
(-56.739147, -44.056393)
64 -- 1 4
-52.520203
-40.667576
-51.786312
-40.143932
00 -- 1 4
32.490112
-4.2712345
2.0689635
11.362463
09 -- 1 4
-1.0676519
16.378609
75.53398
-22.03625
00 -- 1 4
69.57121
-22.750013
38.886204
-6.9797897
00 02 7 14
(16.07964, -39.995525)
(16.501728, -39.37845)
(16.075445, -38.099224)
(16.075445, -33.257236)
(15.629909, -32.659645)
(15.186909, -32.659645)
(15.186909, -32.987644)
00 02 6 12
(14.884121, -52.466312)
(14.884121, -53.66191)
(15.483996, -53.66191)
(15.483996, -54.268948)
(14.587751, -54.268948)
(14.587751, -56.064087)
09 02 3 6
10.92073
-51.11326
12.044411
-49.9917
15.150867
-49.9917
00 -- 1 4
8.109646
-39.99689
8.109646
-52.33717
00 -- 1 4
8.109613
-39.995987
16.081554
-39.995987
00 -- 5 6
15.151159
-44.365784
0.15899944
0
0
4.370247
00 02 3 6
(15.280576, -47.96455)
(15.559576, -48.29255)
(15.279576, -48.60955)
09 -- 1 4
10.920251
-51.113605
10.920251
-52.33492
09 -- 5 6
9.450265
-49.210857
0.06700039
0
0
-3.1239548
00 02 6 12
(14.58762, -56.062054)
(15.483159, -56.062054)
(15.483159, -58.762783)
(17.02695, -58.70478)
(17.616318, -60.495926)
(17.698671, -63.67366)
00 -- 1 4
17.698467
-63.67209
21.792519
-69.60479
00 -- 1 4
21.788725
-69.59977
20.677954
-70.44767
00 -- 1 4
20.677954
-70.44767
28.227854
-79.42378
00 02 3 6
(28.223183, -79.42131)
(28.35782, -79.43093)
(32.405506, -84.25595)
00 -- 1 4
25.181856
-90.353905
32.405663
-84.25515
00 02 10 20
(25.16516, -97.5985)
(25.909021, -96.53332)
(26.127302, -95.95213)
(24.05409, -96.18875)
(24.05409, -93.77398)
(25.253176, -93.58139)
(25.852709, -92.608505)
(24.1167, -92.105705)
(24.169409, -90.61817)
(25.18336, -90.3526)
00 -- 1 4
25.164589
-97.59756
27.491701
-101.03374
00 02 8 16
(31.507751, -102.6369)
(31.02478, -101.93853)
(31.009508, -101.23809)
(30.516573, -101.18353)
(29.09848, -101.86457)
(28.79071, -101.37631)
(27.899107, -100.97202)
(27.489456, -101.03134)
00 02 6 12
(36.69094, -104.99783)
(35.85851, -105.47343)
(33.761833, -103.86932)
(32.81401, -103.515785)
(32.42347, -102.98102)
(31.506119, -102.6366)
00 02 3 6
(39.47248, -106.18022)
(37.675274, -104.9788)
(36.68904, -104.99779)
00 -- 1 4
39.471466
-106.18001
43.34402
-107.79722
00 -- 1 4
43.319168
-107.786285
65.60948
-107.786285
00 -- 1 4
44.542015
-100.00334
65.610214
-100.00334
00 -- 1 4
44.54539
-100.000404
41.191696
-103.535805
00 -- 1 4
39.847782
-103.4931
41.19324
-103.53481
00 -- 1 4
37.300705
-102.041214
39.84884
-103.494064
00 -- 1 4
34.606255
-99.827576
37.300705
-102.041214
00 02 7 14
(33.56026, -92.63274)
(31.755266, -93.06812)
(30.222706, -94.388664)
(30.555923, -96.280495)
(31.634872, -97.40856)
(33.377586, -98.560875)
(34.60783, -99.82856)
00 02 3 6
(34.49403, -85.82794)
(30.593029, -89.34711)
(33.561333, -92.63492)
00 -- 1 4
37.467117
-89.41658
34.492157
-85.82534
00 -- 5 6
44.65146
-82.956825
-7.1859703
-6.4595795
0.1900444
-0.23564911
00 02 3 6
(38.381752, -88.9988)
(38.406902, -89.78344)
(36.623554, -91.39116)
00 02 5 10
(36.62532, -91.39034)
(35.97001, -92.30931)
(35.40198, -91.677704)
(34.582806, -92.412)
(36.405094, -94.8054)
00 -- 1 4
37.999775
-93.36742
36.40209
-94.80579
64 -- 1 4
41.34531
-90.35492
42.013313
-89.75192
00 -- 1 4
44.232784
-87.75506
42.01451
-89.75304
00 02 3 6
(43.689205, -86.38158)
(43.317463, -86.715355)
(44.23438, -87.75639)
00 -- 1 4
50.109844
-93.51235
43.68516
-86.37789
00 02 3 6
(50.1095, -93.51281)
(50.892017, -92.813225)
(51.358738, -93.33334)
00 -- 1 4
51.35701
-93.332886
54.827225
-90.10669
00 -- 1 4
52.829285
-87.076805
54.827343
-90.10778
00 02 3 6
(47.327015, -82.90971)
(49.82982, -83.74249)
(52.83101, -87.080055)
00 -- 1 4
47.327152
-79.07638
47.326977
-82.91063
00 02 3 6
(40.50408, -83.36634)
(46.615303, -78.2372)
(47.328598, -79.07713)
00 -- 1 4
35.91264
-77.890236
40.504284
-83.367195
00 02 4 8
(32.79384, -76.60258)
(32.908836, -76.50458)
(34.832653, -78.79796)
(35.914005, -77.89027)
00 02 3 6
(31.251328, -73.338585)
(30.86941, -73.92227)
(31.056988, -74.534164)
00 -- 1 4
31.05749
-74.53396
32.79426
-76.604126
00 02 3 6
(23.053438, -68.5038)
(25.642672, -66.81037)
(31.252977, -73.34143)
00 -- 1 4
19.322762
-63.565403
23.055962
-68.505066
00 02 6 12
(19.807606, -55.764973)
(20.711155, -55.764973)
(20.711155, -57.56798)
(19.808098, -57.56798)
(19.354181, -58.293488)
(19.322678, -63.565895)
00 -- 1 4
19.806786
-52.962345
19.806786
-55.766037
00 02 3 6
(19.80667, -52.963352)
(20.099249, -49.144768)
(20.398167, -49.164963)
00 02 5 10
(20.409101, -44.966434)
(20.409101, -46.435337)
(20.014107, -46.435337)
(20.014107, -48.227055)
(20.374834, -48.270054)
00 02 6 12
(20.110523, -40.76442)
(20.110523, -42.271618)
(20.704588, -42.271618)
(20.704588, -43.168888)
(20.109306, -43.168888)
(20.109306, -44.667206)
00 02 7 14
(21.462397, -36.001163)
(21.462397, -32.66369)
(19.20375, -32.66369)
(19.20375, -39.865486)
(19.807432, -39.865486)
(19.807432, -40.76304)
(20.114107, -40.76304)
00 -- 3 3
0.1817943
-75.7856
-59.496044
00 02 5 10
(-89.46478, -60.026077)
(-88.58153, -59.790592)
(-88.34685, -60.65962)
(-84.87182, -59.716904)
(-83.575294, -59.646355)
00 -- 1 4
-91.4041
-61.154346
-89.92016
-60.74157
00 02 3 6
(-90.71361, -60.96204)
(-90.642944, -61.225567)
(-89.82994, -61.064564)
00 -- 5 6
-89.22366
-60.89882
-0.60808563
-0.16666794
-0.5586624
2.0255089
00 02 6 12
(-90.38974, -59.040085)
(-91.49679, -59.34307)
(-91.8662, -59.12899)
(-92.16894, -57.968044)
(-93.73449, -58.39326)
(-93.468765, -59.56573)
64 -- 1 4
-94.606064
-58.62978
-93.736244
-58.39345
00 02 3 6
(-94.519775, -59.847305)
(-94.0206, -61.885803)
(-92.64981, -61.502678)
64 -- 1 4
-94.51881
-59.846485
-93.6498
-59.610485
00 02 5 10
(-126.36472, -65.03908)
(-127.036835, -64.500824)
(-126.86083, -64.276825)
(-127.08779, -64.095894)
(-124.88578, -61.31151)
00 02 7 14
(-99.537766, -64.28171)
(-97.36368, -63.263355)
(-98.40357, -61.031338)
(-96.75565, -60.2719)
(-95.42513, -63.170795)
(-93.043884, -61.84422)
(-93.112236, -61.63063)
00 -- 1 4
-99.53731
-64.2809
-99.224396
-64.93998
00 -- 1 4
-99.224396
-64.93998
-101.657486
-66.07268
64 -- 1 4
-97.87696
-62.166164
-97.0559
-61.786663
64 -- 1 4
-97.0559
-61.786663
-96.244385
-61.40716
09 -- 1 4
-95.42513
-63.169376
-99.2258
-64.94013
00 -- 1 4
-101.657486
-66.07268
-102.11063
-65.11451
00 -- 1 4
-102.11063
-65.11451
-105.375145
-66.63809
00 -- 1 4
-105.375145
-66.63809
-104.9203
-67.600945
00 02 13 26
(-110.956215, -69.23198)
(-110.857216, -69.44398)
(-110.194534, -69.13094)
(-109.26643, -69.41389)
(-108.95336, -68.55636)
(-109.33994, -67.74041)
(-108.52342, -67.36183)
(-108.13899, -68.17439)
(-107.86499, -68.046394)
(-108.12134, -67.50016)
(-107.0471, -66.99727)
(-106.431725, -68.30642)
(-104.91837, -67.59897)
00 02 3 6
(-112.21675, -71.32932)
(-111.67155, -69.82401)
(-111.772545, -69.60701)
64 -- 1 4
-111.773026
-69.61157
-110.95454
-69.231995
00 -- 1 4
-112.21721
-71.32976
-118.33745
-79.106255
00 -- 1 4
-118.33813
-79.10377
-121.19481
-76.866425
00 -- 1 4
-121.19481
-76.866425
-115.49551
-69.66964
00 -- 1 4
-115.67578
-68.58758
-115.495705
-69.67265
00 -- 1 4
-124.88769
-61.312805
-115.67578
-68.58758
09 02 6 12
-126.5574
-63.425407
-126.2274
-63.682407
-124.91218
-63.203037
-123.44231
-63.497013
-122.46684
-63.984745
-121.47933
-64.00489
00 02 3 6
(-125.66476, -62.29709)
(-125.28023, -62.61388)
(-124.42044, -61.68105)
64 -- 1 4
-126.36426
-65.039055
-125.65917
-65.596504
00 02 8 16
(-120.857506, -98.63968)
(-117.55546, -100.075)
(-117.91425, -100.89694)
(-116.80346, -101.38161)
(-116.565155, -100.8294)
(-116.314156, -100.477394)
(-115.97015, -100.627396)
(-116.26263, -101.2646)
64 -- 1 4
-116.26238
-101.26328
-115.43648
-101.62111
00 02 5 10
(-113.5175, -102.156815)
(-113.370804, -101.81092)
(-114.1938, -101.45492)
(-114.50479, -101.72792)
(-114.623795, -102.000916)
64 -- 1 4
-115.437
-101.61946
-114.612
-101.978455
00 -- 1 4
-113.51851
-102.15565
-112.29572
-102.68608
64 -- 1 4
-111.49828
-103.09012
-110.669525
-103.448265
64 -- 1 4
-112.30633
-102.69351
-111.48037
-103.05305
00 02 3 6
(-88.859436, -87.6541)
(-89.63558, -88.01071)
(-90.44897, -87.064354)
00 -- 5 6
-89.26669
-86.756386
0.53401184
0.2539978
0.53863525
-1.1881485
00 -- 5 6
-86.69649
-85.59869
0.15200043
-0.34700012
0.8210068
0.375
00 -- 1 4
-71.687965
-87.05316
-71.687965
-91.919785
00 02 6 12
(-43.723976, -75.964005)
(-44.36172, -75.68764)
(-44.878128, -74.71728)
(-44.284664, -74.529434)
(-43.95766, -74.738434)
(-43.265068, -74.537125)
00 -- 5 6
-42.452858
-75.76006
-0.4239998
-0.12400055
-0.39099884
1.3470001
00 -- 1 4
-41.540375
-74.46186
-42.73142
-74.79822
64 -- 1 4
-41.540386
-74.46398
-40.67639
-74.21213
64 -- 1 4
-40.67639
-74.21213
-39.812386
-73.96113
00 02 6 12
(-39.812565, -73.961235)
(-39.099987, -73.74581)
(-38.82467, -74.704506)
(-38.28083, -74.80408)
(-38.836422, -73.01829)
(-36.04239, -72.1997)
00 02 7 14
(-36.043842, -72.20005)
(-35.72943, -73.2832)
(-34.10376, -73.09733)
(-33.134037, -72.81792)
(-33.134037, -72.515915)
(-31.632612, -72.515915)
(-31.632612, -71.903946)
00 -- 1 4
-29.83192
-72.51613
-19.336205
-72.51613
00 -- 1 4
-29.83192
-71.918976
-29.83192
-72.51613
64 -- 1 4
-30.731243
-71.91894
-29.826872
-71.91894
64 -- 1 4
-31.630949
-71.91894
-30.731243
-71.91894
07 -- 1 4
-33.133034
-72.68304
-29.231098
-72.68304
64 -- 1 4
-19.33474
-72.51557
-18.431208
-72.51557
00 02 9 18
(-18.431458, -72.516014)
(-17.832458, -72.516014)
(-17.832458, -72.81501)
(-17.528458, -72.81501)
(-16.335855, -72.54405)
(-15.664856, -72.54405)
(-15.664856, -72.36105)
(-15.126397, -72.36105)
(-15.126397, -71.925316)
00 -- 1 4
-15.126731
-71.92653
-13.586031
-72.31557
00 02 3 6
(-13.322477, -72.46893)
(-12.764477, -72.713936)
(-13.165069, -73.640724)
00 02 3 6
(-12.704456, -71.0227)
(-12.2120285, -71.23061)
(-11.209361, -68.83826)
00 -- 1 4
-11.20978
-68.83932
-9.381915
-69.62778
64 -- 1 4
-9.381155
-69.62691
-8.555155
-69.9809
00 -- 1 4
-5.291381
-71.37868
-8.511713
-69.99919
64 -- 1 4
-5.249232
-71.3975
-4.4197955
-71.75232
00 02 4 8
(-4.419419, -71.75278)
(-1.6638148, -72.93552)
(-2.2091053, -74.21109)
(-1.5023917, -74.695404)
00 -- 1 4
-1.5034752
-74.69452
-2.930571
-78.02241
00 -- 1 4
2.4540257
-82.41629
-2.1695762
-78.82492
00 02 5 10
(2.453623, -82.41591)
(3.4672868, -82.97186)
(4.9652953, -83.07127)
(6.6320167, -84.393394)
(6.6776795, -84.33671)
00 -- 1 4
7.1236854
-86.15228
7.3622217
-84.9145
64 -- 1 4
6.6565704
-84.358536
7.363005
-84.92001
00 -- 1 4
17.253614
-94.17155
7.1218877
-86.15129
00 02 3 6
(17.253216, -94.17116)
(17.660992, -93.66587)
(19.47404, -95.00106)
00 02 3 6
(-63.349552, -90.56428)
(-63.349552, -97.785)
(-64.94783, -97.785)
00 -- 1 4
-57.544674
-90.55746
-63.3518
-90.56426
00 02 6 12
(-71.68791, -87.05396)
(-71.23249, -86.31971)
(-71.23249, -84.822716)
(-70.88636, -84.279854)
(-71.028366, -84.04385)
(-71.69136, -84.40985)
00 02 3 6
(-66.03974, -91.97879)
(-65.24674, -91.97879)
(-65.2358, -95.27958)
00 02 9 18
(-64.94622, -97.78476)
(-64.94622, -96.47986)
(-65.23695, -96.18285)
(-66.60179, -96.18285)
(-66.60179, -93.22119)
(-67.733315, -93.22119)
(-67.733315, -92.671875)
(-68.510025, -92.671875)
(-68.510025, -91.62753)
07 02 3 6
-66.03975
-91.97873
-66.03975
-92.47973
-68.50923
-92.47973
09 02 3 6
-68.50945
-91.62752
-66.04013
-91.62752
-66.04013
-91.97948
64 -- 1 4
-65.235794
-96.18222
-65.235794
-95.276215
00 02 3 6
(-57.546112, -90.55746)
(-57.758083, -89.777054)
(-57.491085, -89.64205)
00 -- 1 4
-57.49185
-89.64224
-50.315056
-103.60546
00 -- 1 4
-50.316982
-103.6053
-46.867496
-101.833984
00 -- 1 4
-46.867496
-101.833984
-47.22159
-101.11247
64 -- 1 4
-47.632217
-100.31659
-47.22224
-101.11562
00 -- 1 4
-47.65499
-100.272026
-49.256863
-97.15507
00 -- 1 4
-49.711792
-96.269745
-51.313713
-93.15397
00 -- 1 4
-51.748104
-92.30926
-53.256153
-89.375465
00 -- 1 4
-53.254868
-89.376785
-46.854134
-86.085495
00 -- 5 6
-53.125664
-88.97188
0.13700104
-0.2669983
0.5340004
0.27399445
00 -- 1 4
-46.856384
-86.08656
-47.3279
-84.7473
00 02 4 8
(-40.478848, -81.5771)
(-40.192867, -82.4285)
(-46.08785, -84.91549)
(-46.41735, -84.27562)
00 -- 5 6
-52.021873
-87.17772
-0.15599823
0.29499817
5.604393
2.9007034
00 02 3 6
(-36.46739, -80.21882)
(-35.597256, -79.10918)
(-34.744038, -79.10918)
00 -- 3 3
0.17395127
-5.542074
-83.71325
00 -- 3 3
0.17395127
-4.132489
-84.82608
00 -- 1 4
-8.562415
-95.72583
-6.609808
-93.26467
00 02 3 6
(-8.100746, -95.146164)
(-7.1996636, -95.8596)
(-5.7115893, -93.98234)
00 -- 1 4
-1.9682183
-85.71574
-10.718986
-96.78184
00 02 5 10
(-10.718499, -96.78066)
(-10.076909, -97.29259)
(-9.706546, -96.81324)
(-7.661123, -98.43916)
(-6.413146, -96.86396)
64 -- 1 4
-6.4160957
-96.86823
-5.858096
-96.16323
00 -- 1 4
-5.824275
-96.12154
-3.6499538
-93.37602
64 -- 1 4
-3.62139
-93.34018
-3.0613902
-92.63318
00 -- 1 4
-1.1924117
-90.28003
-3.061962
-92.635635
09 02 3 6
2.8550432
-92.89815
4.186915
-91.64467
3.4680562
-93.36924
00 -- 5 6
-2.3927684
-89.34729
0.22099996
0.27899933
6.818577
-5.2036133
00 -- 1 4
4.644945
-94.27252
6.3007016
-92.214195
00 -- 1 4
9.433434
-99.02092
2.701597
-111.441734
00 02 7 14
(9.432741, -99.0211)
(9.607969, -97.38324)
(9.280972, -95.47024)
(8.269009, -94.69429)
(6.470616, -94.87428)
(8.229828, -92.67619)
(7.04826, -92.32984)
00 -- 1 4
19.808056
-40.76479
20.111988
-40.76479
00 -- 1 4
3.0340815
-32.665493
3.2227213
-32.665493
07 -- 1 4
38.49311
-9.164477
37.807453
-10.501963
00 -- 1 4
40.25565
-10.070292
39.582336
-11.407519
00 -- 5 6
19.81016
-44.66598
0
-0.30000305
0.5984974
0
00 -- 3 3
0.22160845
-13.887462
-79.210556
00 -- 3 3
0.22160845
-9.774482
-81.04005
00 -- 3 3
0.40065128
-25.893578
-82.2494
00 -- 3 3
1.1776917
-35.54878
-80.95713
00 -- 5 6
0.6745355
-87.80996
0.18699998
0.23799896
-2.876448
2.2792587
64 -- 1 4
-31.007504
-90.014404
-31.007504
-90.916
00 -- 3 3
0.20802094
-10.920788
-71.5575
00 -- 1 4
-7.84301
-72.886154
-10.739206
-71.64423
0A -- 1 4
-11.153461
-71.46826
-10.700159
-70.41272
00 -- 3 3
0.22513503
12.225699
-90.3135
09 -- 5 6
-4.38422
-76.01709
-0.10889959
-0.3355255
2.0364463
-0.65158844
09 02 3 6
-2.2083561
-74.20944
-3.2397535
-74.137215
-2.7392294
-75.25637
09 -- 5 6
-3.7914948
-74.91552
-0.10862899
-0.33506012
1.9295943
-0.6185684
00 -- 5 6
-5.7261314
-76.828316
-0.17799997
-0.41200256
4.258614
-1.809166
00 -- 3 3
0.25737315
-14.018687
-73.825775
00 -- 5 6
-10.679318
-74.70598
-0.118748665
-0.27707672
-3.0422287
1.3054962
00 -- 5 6
-13.859444
-73.724686
-0.27900028
0.12000275
1.1577196
2.7012634
00 -- 3 3
0.71798396
-56.922775
-81.75662
09 -- 5 6
-93.52294
-84.55617
0.28096008
0.12950134
-0.34790802
0.77155304
64 -- 1 4
-96.30141
-84.74303
-95.48419
-84.36456
09 -- 3 3
0.4107794
-101.6989
-88.19736
09 -- 3 3
0.3436033
-97.01668
-85.29271
00 -- 3 3
0.18286653
-85.71548
-79.73838
00 -- 3 3
0.18286653
-83.96726
-79.29999
00 -- 3 3
1.0488062
-111.92254
-79.853874
00 -- 5 6
-92.01787
-65.73934
0.27651978
-0.17041779
-0.73435974
-1.558876
00 -- 5 6
-80.91131
-64.505165
-0.6029968
0
0
-0.8404465
64 -- 1 4
-72.666275
-79.45753
-71.76509
-79.45753
09 -- 3 3
0.39838266
-118.699295
-94.93737
09 -- 5 6
-106.23282
-95.39026
-0.18349457
-0.23384094
-0.69664
0.55698395
09 -- 3 3
0.37808743
-97.004105
-68.13354
00 -- 5 6
-103.18674
-98.31665
-0.2610016
0.20399475
-3.6962967
-4.73188
00 -- 3 3
0.45571372
-124.73329
-66.25573
00 -- 3 3
0.09408632
-93.55979
-59.59411
07 -- 1 4
-92.65308
-61.503548
-91.39821
-61.1522
09 02 4 8
-92.08023
-59.18686
-91.963234
-59.61686
-91.46823
-59.481857
-91.25924
-59.276604
07 -- 1 4
-91.8654
-59.12937
-93.471405
-59.56537
00 -- 3 3
0.1817943
-73.97888
-59.49846
00 -- 3 3
0.04342518
-72.54858
-59.920956
00 -- 3 3
0.16922699
-73.02759
-59.455933
00 -- 3 3
0.18056312
-44.96265
-37.984943
00 -- 3 3
0.18056312
-46.76382
-37.973732
07 -- 1 4
-9.39982
-25.801115
-8.32328
-25.801115
07 02 4 8
-9.612619
-25.83946
-9.612619
-25.19552
-8.106454
-25.19552
-8.106454
-25.83946
00 -- 1 4
-10.182645
-25.83903
-9.610183
-25.83903
64 -- 1 4
-10.30925
-23.999865
-9.40825
-23.999865
00 -- 1 4
8.828454
-26.098808
13.792068
-26.098808
00 -- 5 6
-5.509928
-32.965866
0
0.6142235
-2.261159
0
00 -- 5 6
-1.0209649
-32.965553
0
0.6020012
-2.693
0
09 02 4 8
-58.664234
-72.07046
-59.350655
-72.07046
-59.793335
-72.95402
-59.793335
-73.308876
09 02 4 8
-62.32986
-72.056526
-62.172863
-71.60653
-61.318996
-71.60653
-61.318996
-71.09881
00 -- 3 3
1.2000614
-63.28905
-68.508194
00 -- 5 6
47.042038
-85.63688
-0.22018814
-0.2092514
-2.3908272
2.6796036
00 -- 5 6
22.120783
-71.92812
-0.11900139
-0.09700012
1.7374344
-2.0691147
00 -- 5 6
15.149805
-52.3348
0.13100052
0
0
4.3703003
00 -- 3 3
0.14807025
23.348642
-22.668444
00 -- 1 4
26.635881
-14.579196
27.238884
-13.372195
0A -- 1 4
-8.842434
-96.08666
-7.94018
-96.80194
00 02 3 6
(-10.04958, -71.939964)
(-9.596685, -70.88373)
(-7.389537, -71.82819)
00 -- 3 3
0.20802094
-4.5640206
-72.966835
0A -- 1 4
-7.5658975
-73.00951
-7.115833
-71.95072
64 -- 1 4
-57.490112
-44.540535
-56.762047
-44.019085
64 -- 1 4
-74.38902
-68.94923
-73.4875
-68.94923
00 -- 5 6
-72.89523
-68.05029
0.3199997
0.0009994507
0
-0.38899994
00 -- 3 3
0.17670472
-54.084637
-51.391743
00 -- 3 3
0.052699517
10.640403
-42.3153
00 -- 3 3
0.17673495
-20.084806
-72.67483
00 -- 3 3
0.20723678
-119.95694
-89.69413
00 -- 3 3
0.08833757
-119.190414
-89.4979
00 -- 3 3
0.096300274
-117.139046
-83.40002
00 -- 3 3
0.2195987
-119.111
-87.57525
00 -- 1 4
-49.31613
-102.33898
-49.22607
-102.40488
00 -- 1 4
-49.198483
-100.05735
-49.067482
-100.10235
00 -- 1 4
-50.192966
-100.56195
-50.148968
-100.65395
00 02 4 8
(-51.677814, -97.67219)
(-50.581196, -99.80633)
(-49.5556, -99.279594)
(-50.655556, -97.14704)
00 02 3 6
(-33.35877, -90.61213)
(-32.245564, -90.61213)
(-32.245564, -88.20909)
0A -- 1 4
-51.81393
-97.40629
-50.791195
-96.87849
0A -- 1 4
-50.029922
-100.87239
-49.005234
-100.34605
0A -- 1 4
-33.39429
-87.912186
-32.217476
-87.912186
0A -- 1 4
-33.3953
-91.81308
-32.21728
-91.81308
00 -- 3 3
0.21226183
-32.234207
-85.28571
00 -- 3 3
0.21226183
-32.234207
-88.039024
00 02 5 10
(-33.609837, -91.35439)
(-33.609837, -91.711395)
(-33.175865, -91.70812)
(-33.17423, -91.35603)
(-33.610287, -91.35521)
00 -- 1 4
-33.359013
-88.19703
-33.359013
-91.508026
64 -- 1 4
-49.69049
-96.3113
-49.276848
-97.114265
64 -- 1 4
-51.33966
-93.102875
-51.75006
-92.30608
00 -- 1 4
-51.86654
-94.68135
-51.821537
-94.77035
00 -- 1 4
-53.2372
-92.01308
-53.1929
-92.10311
00 -- 1 4
-54.28462
-90.1863
-54.0133
-90.439026
00 -- 1 4
-54.1733
-90.12803
-54.127304
-90.49903
08 -- 1 4
-67.97833
-92.177315
-67.777336
-92.177315
00 -- 1 4
-66.04052
-92.12607
-66.58013
-92.12607
00 -- 1 4
-63.02573
-90.3615
-62.041065
-90.3615
00 -- 3 3
0.11023399
-115.67148
-82.37874
09 -- 1 4
-115.74363
-81.37501
-114.964005
-81.870926
00 -- 1 4
-99.87755
-97.924965
-99.813385
-97.84866
0A -- 1 4
-102.24457
-99.058105
-101.33927
-99.766594
0A -- 1 4
-104.64729
-102.12456
-103.74204
-102.83333
0A -- 1 4
-120.47004
-77.41855
-121.58549
-78.832504
00 02 4 8
(-102.434326, -99.28877)
(-103.91103, -101.1783)
(-103.005516, -101.887924)
(-101.52735, -99.99716)
00 -- 1 4
-104.51972
-101.90867
-104.41972
-101.86167
00 -- 1 4
-103.543785
-102.672775
-103.557785
-102.533775
0A -- 1 4
-6.4241476
-93.03176
-5.5218935
-93.74704
00 02 3 6
(-8.964134, -95.86165)
(-8.745244, -95.586876)
(-8.562415, -95.72783)
00 -- 3 3
0.2074891
-5.6211905
-93.81887
00 -- 3 3
0.2074891
-3.9138963
-91.64309
00 02 4 8
(-8.963005, -95.86158)
(-8.621631, -96.12709)
(-8.406117, -95.84951)
(-8.564735, -95.72537)
00 -- 3 3
0.18556207
-13.962238
-27.989056
00 -- 3 3
0.18143216
-112.38423
-102.4932
00 -- 3 3
0.17673495
-29.081339
-72.6636
00 -- 3 3
0.17673495
-24.584908
-72.6636
00 -- 3 3
0.17991328
-11.768701
-35.336784
09 02 4 8
-115.743065
-81.37532
-117.07542
-82.79241
-117.91906
-84.99912
-117.43426
-85.033745
08 -- 1 4
-50.58469
-49.1037
-50.438744
-49.000824
09 -- 3 3
0.3665275
-62.68163
-71.95463
09 02 4 8
-60.38981
-71.099174
-60.38981
-71.209175
-59.75945
-71.209175
-59.75945
-70.60781
00 -- 1 4
-25.953114
-44.479347
-25.007004
-44.479347
00 -- 3 3
0.17682755
-39.26697
-38.281647
00 -- 3 3
0.052699517
12.869498
-51.2845
0A -- 1 4
18.359037
-65.56829
20.16425
-64.19724
0A -- 1 4
21.257248
-69.38864
23.061598
-68.017586
00 -- 3 3
0.1837334
20.751856
-70.53567
0A -- 1 4
36.500957
-93.04141
35.73099
-92.18818
64 -- 1 4
37.99898
-93.367714
38.66574
-92.76594
00 -- 3 3
0.1837334
40.025124
-82.78836
0A -- 1 4
39.398018
-90.43609
38.62805
-89.582855
00 -- 3 3
0.20809655
39.313625
-90.60797
00 -- 3 3
0.05198837
25.391487
-94.974655
00 -- 3 3
0.1837334
24.664352
-75.17604
00 -- 3 3
0.1837334
26.008268
-76.789604
00 -- 3 3
0.1837334
28.834768
-80.00857
00 -- 3 3
0.1837334
30.191874
-81.61077
00 -- 3 3
0.1837334
34.158573
-77.99455
00 -- 3 3
0.1837334
38.66643
-81.18479
00 -- 3 3
0.18556207
-12.320306
-26.674032
07 -- 1 4
-7.5107694
-25.962202
-10.182421
-25.962202
08 -- 1 4
-8.322344
-25.760769
-8.110578
-25.760769
08 -- 1 4
-9.610332
-25.766342
-9.398565
-25.766342
00 -- 1 4
-7.512326
-25.837109
-8.111326
-25.837109
09 -- 1 4
31.622013
-23.759485
44.322605
-30.265299
00 -- 5 6
4.6501846
-90.909
2.1670618
-1.7189941
0.2340002
0.29799652
00 -- 1 4
49.675888
-19.780666
44.037224
-30.754196
6D -- 1 4
22.359999
-32.84
22.46
-32.84
6A -- 1 4
22.66
-32.84
22.76
-32.84
6B -- 1 4
22.56
-32.84
22.66
-32.84
66 -- 1 4
21.56
-32.84
21.66
-32.84
65 -- 1 4
23.16
-32.84
23.26
-32.84
66 -- 1 4
23.06
-32.84
23.16
-32.84
67 -- 1 4
21.66
-32.84
21.76
-32.84
68 -- 1 4
21.76
-32.84
21.86
-32.84
69 -- 1 4
21.86
-32.84
21.96
-32.84
6A -- 1 4
21.96
-32.84
22.06
-32.84
67 -- 1 4
22.96
-32.84
23.06
-32.84
68 -- 1 4
22.859999
-32.84
22.96
-32.84
6C -- 1 4
22.46
-32.84
22.56
-32.84
69 -- 1 4
22.76
-32.84
22.859999
-32.84
6D -- 1 4
22.26
-32.84
22.36
-32.84
6C -- 1 4
22.16
-32.84
22.26
-32.84
6B -- 1 4
22.06
-32.84
22.16
-32.84
00 -- 5 6
37.35907
-10.60541
0.13899994
0.2670002
2.0846176
-1.0687008
00 -- 5 6
38.31897
-8.738839
-0.13599777
-0.2670002
2.0729027
-1.0641403
00 -- 5 6
30.039995
-23.559647
-0.21435356
-0.41722488
13.998951
-7.198307
00 -- 3 3
0.23317231
29.9327
-23.767216
09 -- 3 3
0.8866827
14.915575
-24.548187
00 02 6 12
(17.786964, -25.441038)
(17.433964, -26.142038)
(18.108963, -26.477036)
(18.203964, -26.288036)
(18.63262, -26.503355)
(18.87962, -26.002356)
00 -- 5 6
34.899284
-17.095564
0.11800003
-0.063999176
1.9958344
3.8878126
09 -- 1 4
36.806564
-13.726569
49.45699
-20.237427
00 -- 1 4
37.012516
-13.272334
49.678177
-19.780622
64 -- 1 4
20.367943
-48.268784
20.367943
-49.17588
0A -- 1 4
17.049004
-60.59065
19.498983
-60.59065
0A -- 1 4
17.04518
-63.289837
19.497046
-63.289837
00 -- 1 4
41.30821
-90.388054
38.705215
-92.73108
00 02 3 6
(36.62393, -91.39026)
(37.392895, -92.24391)
(39.17618, -90.63888)
64 -- 1 4
14.291105
-32.95705
15.19134
-32.95705
64 -- 1 4
14.289496
-35.616474
15.191115
-35.616474
00 -- 3 3
0.2764702
9.390326
-32.640972
07 -- 1 4
-51.309147
-50.36916
-50.08565
-49.495235
08 -- 1 4
-51.66469
-49.8737
-51.51874
-49.770824
07 -- 1 4
-51.53124
-49.751793
-50.596794
-49.083454
00 -- 3 3
0.19626756
-49.921097
-48.417168
09 -- 5 6
-124.311844
-65.34192
0.23600006
-0.18699646
-0.3639984
-0.46199036
00 02 6 12
(-97.45607, -96.80252)
(-97.95708, -96.41752)
(-98.36557, -96.9759)
(-98.23057, -97.08589)
(-98.55256, -97.50415)
(-98.199554, -97.78041)
00 -- 3 3
2.1307468
-123.34218
-70.98514
64 -- 1 4
-106.227135
-93.38695
-105.66954
-92.68118
00 -- 3 3
0.20802094
-7.256109
-71.81078
00 -- 1 4
-67.97783
-92.13032
-68.51744
-92.13032
07 -- 1 4
-67.77961
-92.17769
-66.78361
-92.17769
08 -- 1 4
-66.78333
-92.17832
-66.58234
-92.17832
00 02 3 6
(-37.027283, -37.23338)
(-33.708313, -37.23338)
(-33.708313, -36.607677)
00 -- 1 4
-37.463028
-38.133457
-40.913044
-38.133457
00 -- 5 6
0.18477432
-31.930069
-0.301
0
0
-1.0348129
65 -- 1 4
21.46
-32.84
21.56
-32.84
6E -- 1 4
-68.26
-53.55
-68.22
-53.43
6F -- 1 4
-68.29
-53.65
-68.26
-53.55
73 -- 1 4
-68.41
-54.03
-68.38
-53.929996
74 -- 1 4
-68.44
-54.11
-68.41
-54.03
75 -- 1 4
-68.47
-54.2
-68.44
-54.11
76 -- 1 4
-68.5
-54.28
-68.47
-54.2
72 -- 1 4
-68.38
-53.93
-68.35
-53.83
00 -- 1 4
-37.756615
-166.08688
-24.671259
-159.44797
00 -- 1 4
-20.024803
-163.50476
-33.43672
-170.53023
00 -- 1 4
-24.671259
-159.44797
-14.379341
-149.49928
00 -- 1 4
-9.249444
-152.92076
-20.024803
-163.50476
00 -- 1 4
-1.9856564
-138.52101
-9.249444
-152.92076
00 -- 1 4
-14.379341
-149.49928
-7.780894
-136.41127
00 -- 1 4
1.6542811
-126.13445
-1.9856564
-138.52101
00 -- 1 4
-7.780894
-136.41127
-3.8484702
-123.340225
00 -- 1 4
7.8903003
-114.77
1.6542811
-126.13445
00 -- 1 4
-3.8484702
-123.340225
2.7040813
-111.43953
00 -- 1 4
7.888768
-114.77254
14.5893
-102.406334
00 -- 1 4
14.587986
-102.40764
19.474401
-94.9989
00 02 7 14
(-2.2007527, -85.52993)
(-2.5067527, -85.92094)
(-3.2112427, -85.357796)
(-3.4002426, -85.59779)
(-5.7534494, -83.7283)
(-5.8824496, -83.8873)
(-6.976995, -83.27517)
00 -- 5 6
-15.1668215
-78.56346
8.661615
-3.7515106
-0.49939203
-1.0198059
00 -- 3 3
0.4774505
-15.907451
-79.93189
00 -- 5 6
-22.445734
-79.07031
0
-0.35100555
-6.309761
0
00 02 4 8
(-16.377275, -79.99254)
(-18.555752, -79.842415)
(-22.445591, -79.842415)
(-22.445591, -79.42044)
00 -- 1 4
-24.254782
-79.42149
-24.254782
-82.211655
64 -- 1 4
-31.007593
-85.51247
-31.007593
-86.414665
00 -- 1 4
-27.42844
-82.210785
-24.255564
-82.210785
09 02 5 10
-29.76498
-81.90033
-29.317743
-80.247505
-28.88436
-80.99976
-28.061718
-80.293236
-28.061718
-81.900276
00 02 7 14
(-27.427067, -82.210815)
(-27.427067, -81.89882)
(-31.463123, -81.89882)
(-32.44818, -82.17833)
(-32.44818, -82.529144)
(-31.00705, -82.529144)
(-31.00705, -85.5133)
00 -- 1 4
-31.007223
-89.963165
-31.007223
-86.45842
00 02 5 10
(-34.74514, -93.4074)
(-33.60298, -93.4074)
(-33.60298, -92.917404)
(-30.991142, -92.917404)
(-31.008335, -90.90996)
00 -- 1 4
-34.74476
-79.10898
-34.74476
-93.41126
00 -- 1 4
-40.480335
-81.57755
-36.466248
-80.21854
00 02 3 6
(-71.68773, -91.91606)
(-70.37838, -91.97565)
(-68.508705, -92.130486)
09 02 6 12
-68.50951
-91.6448
-68.56264
-90.39583
-68.99598
-90.277374
-69.90698
-90.277374
-70.34598
-90.51537
-70.37942
-91.977615
00 -- 1 4
-99.460686
-93.23194
-97.415665
-90.48328
09 -- 5 6
-97.85365
-94.8705
-0.3939972
-0.5070038
-0.7060089
0.5519943
00 -- 1 4
-98.02234
-95.56501
-97.96134
-95.486015
00 -- 1 4
-99.78247
-99.776184
-96.67149
-95.794624
64 -- 1 4
-100.36432
-100.521
-99.80932
-99.810005
00 -- 1 4
-103.10696
-104.03063
-100.39594
-100.56122
64 -- 1 4
-103.68353
-104.772736
-103.13053
-104.06374
00 -- 1 4
-105.738205
-103.468956
-105.63821
-103.42196
00 02 7 14
(-103.68039, -104.770546)
(-104.05903, -105.24962)
(-107.28141, -102.73289)
(-107.92521, -103.85914)
(-109.220726, -102.62558)
(-110.1495, -102.25762)
(-110.6702, -103.44967)
00 02 5 10
(-120.85697, -98.63921)
(-121.62065, -99.28834)
(-122.231064, -99.21267)
(-123.071655, -96.3625)
(-123.65864, -96.48607)
64 -- 1 4
-123.86979
-95.454124
-123.65419
-96.48995
00 02 6 12
(-123.87107, -95.45606)
(-123.2829, -95.33453)
(-123.92163, -92.24979)
(-124.51104, -92.37281)
(-124.84772, -90.74636)
(-123.96548, -90.563644)
09 02 6 12
-123.72486
-93.24725
-123.47986
-93.19725
-123.254105
-94.274376
-122.90219
-94.20152
-122.74189
-94.985275
-123.328896
-95.15627
64 -- 1 4
-124.664986
-88.418396
-124.48197
-89.29941
00 02 3 6
(-124.52715, -89.31254)
(-124.23615, -89.25153)
(-123.965866, -90.56484)
00 02 3 6
(-124.69546, -87.03994)
(-124.4181, -88.37258)
(-124.7121, -88.43058)
00 02 11 22
(-124.695366, -87.04024)
(-125.57704, -87.22139)
(-125.667046, -86.79139)
(-124.62451, -85.428024)
(-124.2038, -84.546906)
(-123.7568, -84.757904)
(-123.265724, -84.14807)
(-123.267365, -83.60273)
(-122.482994, -82.61428)
(-122.44976, -82.348366)
(-122.68644, -82.161224)
64 -- 1 4
-122.64804
-82.19231
-122.08755
-81.48751
00 02 3 6
(-120.91632, -80.43825)
(-121.890045, -81.64625)
(-122.12305, -81.45924)
0A -- 1 4
-119.46284
-80.50722
-118.34715
-79.09373
00 -- 5 6
-119.98884
-81.171906
0.5239868
0.6724472
-5.854973
4.6240845
00 02 4 8
(-125.31944, -75.87625)
(-120.266365, -69.48046)
(-120.502365, -69.29546)
(-120.870155, -69.39192)
00 -- 1 4
-125.656105
-65.59122
-120.86676
-69.39348
00 -- 5 6
-99.73775
-93.013435
-0.18599701
-0.24099731
3.2533875
-2.5412903
00 -- 1 4
-71.688065
-84.40928
-81.60306
-84.40928
00 -- 1 4
-88.19416
-87.69077
-86.55223
-86.93534
00 02 5 10
(-81.600784, -84.40892)
(-82.04117, -85.3125)
(-84.46924, -84.9989)
(-86.92669, -86.11714)
(-86.55133, -86.93712)
00 -- 1 4
-92.910484
-88.18365
-90.44651
-87.064835
00 02 11 22
(-92.9093, -88.18294)
(-92.536156, -89.00042)
(-93.87637, -89.616516)
(-94.31327, -88.82257)
(-95.09027, -89.18058)
(-94.84174, -89.725784)
(-95.933754, -90.22379)
(-96.82757, -90.04123)
(-97.64096, -89.92342)
(-97.72896, -89.95743)
(-97.41445, -90.48596)
64 -- 1 4
-71.76509
-79.45753
-70.864944
-79.45753
00 02 4 8
(-70.339745, -79.70305)
(-70.339745, -78.48124)
(-70.56901, -78.20888)
(-70.56901, -68.90919)
00 02 4 8
(-70.86677, -78.67829)
(-70.86677, -79.85689)
(-70.56764, -79.85689)
(-70.33898, -79.70238)
00 02 3 6
(-75.07205, -79.85402)
(-72.66674, -79.85402)
(-72.66674, -78.544655)
00 02 4 8
(-77.61219, -78.90308)
(-76.41338, -78.90308)
(-76.41338, -79.508545)
(-75.07007, -79.854675)
00 -- 5 6
-77.61254
-79.512215
-0.5979996
0
0
0.86200714
00 02 6 12
(-83.78485, -79.29555)
(-83.219505, -79.670166)
(-82.71709, -79.50758)
(-80.01619, -79.50758)
(-80.01619, -78.65057)
(-78.210335, -78.65057)
00 02 4 8
(-87.573166, -80.33386)
(-86.697395, -80.12378)
(-86.77039, -79.83578)
(-84.1012, -79.18049)
00 -- 1 4
-93.1624
-82.92059
-87.56994
-80.33346
00 02 4 8
(-94.68929, -83.95874)
(-94.645294, -84.051735)
(-93.19907, -83.60312)
(-93.16063, -82.918144)
64 -- 1 4
-95.48419
-84.36456
-94.67033
-83.9861
00 -- 1 4
-101.19528
-86.27774
-99.61536
-84.72781
00 02 7 14
(-96.317825, -84.72086)
(-96.275826, -84.81187)
(-98.76519, -85.867)
(-98.63519, -86.13799)
(-98.90971, -86.26414)
(-99.56857, -86.192024)
(-99.61647, -84.727745)
00 -- 5 6
-100.7243
-86.648674
-0.18599701
-0.23699951
-0.7040024
0.560997
00 02 3 6
(-101.46835, -87.58764)
(-102.175354, -87.03063)
(-101.612724, -86.32308)
00 -- 1 4
-102.773834
-89.23662
-101.46764
-87.58675
00 -- 1 4
-102.77496
-89.236435
-103.47908
-88.67753
00 02 4 8
(-103.65606, -90.83366)
(-103.33449, -89.93932)
(-104.03728, -89.38054)
(-103.47832, -88.67636)
00 02 3 6
(-105.70858, -92.65146)
(-105.395584, -92.90046)
(-103.65598, -90.832344)
00 02 5 10
(-109.75053, -98.689575)
(-107.46931, -96.33069)
(-107.55165, -95.74681)
(-105.953735, -93.60607)
(-106.26696, -93.352936)
00 02 3 6
(-109.749954, -98.689804)
(-115.25962, -96.68667)
(-115.73164, -96.01312)
00 02 4 8
(-118.86807, -90.53085)
(-119.65194, -92.57167)
(-118.78006, -94.881805)
(-115.728195, -96.015785)
09 02 4 8
-118.85762
-86.82337
-120.014915
-88.47484
-120.156204
-89.64248
-119.651024
-92.57181
00 02 3 6
(-118.86814, -90.53121)
(-117.57566, -88.79482)
(-118.85781, -86.82058)
64 -- 1 4
-117.98939
-85.73413
-117.43184
-85.03026
00 -- 1 4
-117.99194
-85.73701
-118.85822
-86.822845
00 02 8 16
(-113.06946, -81.4598)
(-113.77489, -80.897964)
(-114.56642, -80.57632)
(-114.82742, -80.89332)
(-113.492966, -81.50605)
(-114.23583, -82.44904)
(-114.96584, -81.869156)
(-117.43419, -85.03397)
00 02 3 6
(-113.21571, -80.19589)
(-112.50964, -80.75444)
(-113.0707, -81.46002)
00 02 3 6
(-109.25723, -75.446335)
(-110.81607, -77.11551)
(-113.21638, -80.197266)
00 02 6 12
(-109.256966, -75.44778)
(-109.48296, -75.21777)
(-109.07926, -74.799126)
(-109.24426, -74.63513)
(-108.839264, -74.20613)
(-107.945076, -74.74949)
00 -- 5 6
-107.00624
-74.3111
-0.3769989
0.8129959
3.6069183
1.6837463
00 02 6 12
(-107.947205, -74.74913)
(-102.239334, -72.08332)
(-102.88937, -71.24943)
(-102.26695, -70.947205)
(-101.278946, -71.96777)
(-99.937454, -71.34296)
00 02 9 18
(-95.33706, -67.719086)
(-95.524055, -67.32009)
(-97.86699, -68.71188)
(-97.60137, -69.25503)
(-98.67507, -69.76663)
(-99.27729, -69.62839)
(-100.090454, -70.011345)
(-100.31488, -70.52835)
(-99.93835, -71.344505)
64 -- 1 4
-95.34538
-67.70232
-94.52897
-67.32185
00 02 4 8
(-92.413124, -66.689354)
(-93.29932, -66.15178)
(-94.578186, -66.74835)
(-94.53264, -67.32495)
00 02 4 8
(-92.47547, -67.46809)
(-91.79263, -68.93656)
(-90.92062, -68.64856)
(-91.32132, -67.734665)
00 -- 5 6
-87.93645
-66.84224
-0.23293304
0.9189377
3.483757
0.9214859
00 02 3 6
(-81.51325, -65.107925)
(-82.713425, -65.107925)
(-82.713425, -65.5254)
00 -- 1 4
-91.3226
-67.73582
-82.71132
-65.460266
00 02 3 6
(-79.113884, -64.502815)
(-79.113884, -65.34534)
(-80.91232, -65.34534)
00 02 4 8
(-75.66327, -63.93755)
(-75.9658, -63.93755)
(-77.17297, -64.50227)
(-79.11567, -64.50227)
09 -- 1 4
-72.051094
-63.986256
-75.667435
-63.986256
00 -- 1 4
-75.6638
-63.93751
-75.281075
-65.2429
00 02 3 6
(-75.281555, -65.240845)
(-75.281555, -68.91157)
(-74.38664, -68.91157)
00 -- 1 4
-73.49179
-68.91049
-70.56822
-68.91049
09 02 3 6
-72.05165
-63.98592
-71.414154
-64.65919
-71.414154
-68.97578
00 02 5 10
(-71.78068, -64.27417)
(-70.8976, -63.946487)
(-70.5956, -63.946487)
(-70.5956, -64.24649)
(-71.41593, -64.66252)
00 -- 1 4
-48.410107
-78.48031
-43.723038
-75.96334
00 -- 1 4
-53.047905
-80.70603
-49.694683
-78.91569
00 02 3 6
(-49.880585, -78.57423)
(-48.677265, -77.99421)
(-48.408897, -78.48247)
00 -- 1 4
-49.694683
-78.91569
-49.881638
-78.57314
00 -- 1 4
-53.395847
-80.61787
-53.046375
-80.70561
64 -- 1 4
-54.186874
-81.04089
-53.390102
-80.616234
00 02 4 8
(-58.349342, -78.96741)
(-56.46175, -82.524376)
(-54.55674, -81.50936)
(-54.1835, -81.03955)
00 -- 1 4
-62.779293
-79.140686
-58.34898
-78.96783
00 02 5 10
(-63.18041, -76.31346)
(-63.18041, -77.815)
(-63.488712, -77.815)
(-63.488712, -78.11573)
(-62.779037, -79.14139)
00 02 4 8
(-63.180138, -76.31389)
(-63.486153, -76.31389)
(-63.486153, -73.30974)
(-59.114132, -73.30974)
00 02 4 8
(-60.389668, -71.09782)
(-60.389668, -70.60961)
(-58.655815, -70.60961)
(-59.116222, -73.31098)
00 02 7 14
(-63.412678, -69.701225)
(-63.412678, -70.325424)
(-64.33192, -70.325424)
(-64.33192, -72.18199)
(-62.967033, -72.18199)
(-63.129486, -71.098236)
(-60.389217, -71.098236)
64 -- 1 4
-63.289577
-67.308914
-63.289577
-65.502396
00 02 4 8
(-63.83257, -62.82218)
(-63.880596, -65.21374)
(-63.67473, -65.46711)
(-63.28516, -65.50353)
00 02 7 14
(-62.075974, -57.67195)
(-63.283413, -61.067333)
(-62.114307, -62.191685)
(-62.20693, -63.71212)
(-63.184574, -63.691296)
(-63.184574, -62.83125)
(-63.834335, -62.822617)
00 02 5 10
(-59.78029, -55.282166)
(-58.248432, -57.45247)
(-58.665104, -58.397896)
(-61.35418, -57.32961)
(-62.078, -57.67276)
00 -- 1 4
-59.78162
-55.282536
-55.02299
-51.874905
64 -- 1 4
-53.87219
-51.420918
-53.141186
-50.897842
00 02 3 6
(-55.0244, -51.876545)
(-54.84819, -52.12009)
(-53.868443, -51.417377)
00 02 6 12
(-53.151424, -50.905407)
(-53.320877, -50.65407)
(-53.403877, -50.361073)
(-52.665886, -49.840073)
(-52.33536, -49.96067)
(-52.17536, -50.18167)
07 -- 1 4
-52.294983
-50.020397
-50.097004
-48.44901
00 02 7 14
(-48.99448, -47.945873)
(-50.470715, -48.962368)
(-50.085167, -49.4963)
(-49.82317, -50.382565)
(-50.807602, -51.087505)
(-51.693413, -49.831917)
(-52.17797, -50.18141)
00 02 13 26
(-41.29213, -49.474125)
(-41.29213, -46.975674)
(-42.193867, -46.975674)
(-42.193867, -45.873585)
(-42.79267, -45.873585)
(-43.090046, -46.77197)
(-43.090046, -48.778076)
(-43.414486, -48.778076)
(-45.58878, -45.730232)
(-45.35775, -45.098545)
(-45.666878, -45.023643)
(-49.20773, -47.651043)
(-48.992123, -47.948456)
09 02 5 10
-38.59327
-46.546856
-39.041424
-46.546856
-40.24557
-46.251076
-41.46437
-46.634617
-41.293476
-47.471996
00 02 5 10
(-36.8095, -45.625687)
(-38.39397, -45.625687)
(-38.59236, -45.876507)
(-38.59236, -49.474224)
(-41.293587, -49.474224)
00 02 3 6
(-35.94133, -44.92502)
(-36.517982, -45.197884)
(-36.810482, -45.626713)
00 -- 1 4
-25.04342
-44.92505
-35.94315
-44.92505
00 -- 1 4
-25.04244
-44.925304
-23.913406
-43.72822
00 -- 1 4
-23.914608
-43.729794
-22.992771
-43.643917
00 02 3 6
(-22.994534, -43.644196)
(-20.381727, -41.8921)
(-19.464638, -42.827904)
09 02 4 8
-18.658499
-42.164867
-19.612537
-40.75866
-18.6895
-40.126736
-17.247374
-41.01732
C8 02 4 8
-13.32712
-37.82437
-14.864039
-35.864822
-18.572393
-38.87502
-16.998997
-40.859646
00 -- 1 4
-19.466162
-42.827267
-13.496931
-37.960976
00 -- 5 6
-11.056273
-34.559086
0.19299984
-0.23100281
0.6992731
0.5703392
00 -- 5 6
-12.439155
-36.076702
-0.20499992
0.23300171
-0.743804
-0.6075096
00 02 4 8
(-13.498058, -37.963116)
(-13.692059, -37.704117)
(-13.18279, -36.68286)
(-10.161585, -34.219467)
00 02 4 8
(-7.771268, -32.964718)
(-7.926694, -33.71367)
(-9.828001, -34.63024)
(-10.165335, -34.219517)
00 -- 1 4
-0.116350226
-32.965073
-5.5122156
-32.965073
00 02 3 6
(0.18472601, -32.45438)
(0.636726, -32.45438)
(1.2361481, -32.666935)
00 -- 1 4
1.2343845
-32.666126
1.4125183
-33.618538
07 -- 1 4
1.3840235
-33.618275
2.883684
-33.618275
00 02 9 18
(2.8200996, -33.618763)
(3.4432554, -32.13807)
(4.0313144, -32.13807)
(4.083314, -31.928999)
(4.3863144, -31.928999)
(4.3863144, -32.363)
(4.986402, -32.363)
(4.986402, -32.660675)
(10.692418, -32.660675)
00 -- 1 4
11.427126
-35.079185
10.689751
-32.659462
00 -- 1 4
14.223154
-35.079185
11.427126
-35.079185
00 02 4 8
(13.998737, -33.87873)
(13.998737, -32.79819)
(14.29203, -32.79819)
(14.29203, -32.983192)
07 -- 1 4
10.687924
-32.799664
13.999126
-32.799664
00 -- 5 6
16.082537
-52.33481
0
-0.13199997
-7.9735966
0
00 02 4 8
(-83.57627, -59.646027)
(-76.829025, -59.646027)
(-76.829025, -59.33848)
(-73.51734, -59.33848)
09 02 4 8
-71.626076
-57.262703
-71.60939
-59.00058
-72.53107
-59.96618
-73.86267
-59.635117
00 02 5 10
(-70.09695, -55.650673)
(-70.54246, -56.40077)
(-70.30454, -56.546238)
(-70.738815, -57.224365)
(-71.370964, -56.862404)
00 02 5 10
(-68.1057, -55.881996)
(-68.80868, -56.081264)
(-70.503845, -55.519485)
(-71.994995, -57.835907)
(-73.51972, -59.340374)
00 02 4 8
(-68.107086, -55.88173)
(-67.62125, -54.80103)
(-68.23921, -54.3605)
(-71.00128, -53.48258)
71 -- 1 4
-68.35
-53.83
-68.32
-53.74
70 -- 1 4
-68.32
-53.74
-68.29
-53.65
00 -- 1 4
-67.945724
-52.572414
-68.22009
-53.432133
00 -- 1 4
-68.22009
-53.432133
-69.35948
-53.039764
00 02 6 12
(-67.9466, -52.571712)
(-67.6656, -52.666714)
(-66.81484, -50.102543)
(-67.73425, -49.7934)
(-67.4685, -48.979492)
(-66.53557, -49.296234)
00 02 4 8
(-66.537704, -49.2964)
(-64.6359, -48.736595)
(-64.36419, -49.11672)
(-60.345234, -46.248425)
00 02 3 6
(-60.34723, -46.24896)
(-58.94712, -45.622368)
(-57.470257, -44.57845)
00 -- 5 6
-37.463196
-38.95558
0.435997
0
0
3.2522545
00 -- 5 6
-32.52201
-38.951527
0.4600029
0
0
3.2476997
00 -- 1 4
-32.522373
-35.703392
-37.027054
-35.703392
09 -- 1 4
-37.02541
-38.900017
-32.522182
-38.900017
00 02 5 10
(-27.022554, -36.903515)
(-30.503546, -32.626625)
(-31.118015, -33.08105)
(-29.645914, -37.04167)
(-32.062912, -37.64268)
00 02 4 8
(-27.022663, -36.90288)
(-26.684038, -37.892525)
(-26.28159, -38.30524)
(-21.525341, -34.37205)
64 -- 1 4
-20.709671
-33.0085
-21.406208
-33.576633
64 -- 1 4
-20.709433
-33.00794
-20.013115
-32.440384
00 02 4 8
(-21.527033, -34.374195)
(-20.881304, -34.52825)
(-20.673304, -34.318253)
(-21.405804, -33.570297)
00 02 3 6
(-20.01539, -32.440765)
(-19.441341, -32.631195)
(-17.37503, -31.678846)
64 -- 1 4
-15.097929
-28.737066
-14.398929
-28.170067
00 02 8 16
(-17.376123, -31.67909)
(-17.421824, -30.866804)
(-18.370031, -29.70517)
(-17.324297, -28.849358)
(-16.632578, -30.325136)
(-16.061434, -29.926802)
(-16.210434, -29.740803)
(-14.118774, -28.037884)
00 -- 1 4
-11.954159
-26.182547
-13.928467
-27.78727
00 02 4 8
(-11.953915, -26.181332)
(-10.798986, -26.170929)
(-10.1824255, -26.102036)
(-10.1824255, -23.998508)
00 02 7 14
(-9.405411, -23.998438)
(-7.510385, -23.998438)
(-7.510385, -26.10022)
(-6.304189, -26.10022)
(-6.304189, -25.795038)
(-5.4080195, -25.795038)
(-5.4080195, -26.10022)
00 -- 1 4
1.1880246
-26.100441
-5.4136443
-26.100441
00 02 6 12
(1.1868387, -26.100416)
(1.6391717, -26.401915)
(2.395228, -26.503685)
(3.537926, -26.50298)
(5.430187, -26.40332)
(5.439717, -25.782305)
64 -- 1 4
5.4393992
-25.796339
6.340199
-25.796339
64 -- 1 4
6.340199
-25.796339
7.241199
-25.796339
00 02 4 8
(8.829085, -26.098358)
(8.531017, -26.396643)
(7.2400255, -26.396643)
(7.2400255, -25.755026)
00 02 10 20
(22.598248, -23.801271)
(21.641003, -25.666088)
(21.700718, -26.2066)
(21.577593, -26.799614)
(20.741816, -26.858032)
(20.388807, -26.377438)
(19.746058, -26.451561)
(14.578333, -23.77925)
(14.578333, -25.367931)
(13.787589, -26.100277)
64 -- 1 4
22.598043
-23.802782
23.009043
-23.001781
00 -- 1 4
23.008385
-23.002716
23.284384
-22.800716
00 02 4 8
(23.620089, -21.048422)
(23.14509, -20.709421)
(22.462793, -22.045942)
(23.417519, -22.537868)
00 02 3 6
(23.84567, -18.035107)
(24.777369, -18.513445)
(23.62015, -21.05016)
00 -- 1 4
24.669062
-16.434444
23.845634
-18.036772
00 02 6 12
(26.95335, -15.585464)
(25.759073, -14.971789)
(25.213264, -16.03693)
(25.74358, -16.312962)
(25.470797, -16.846659)
(24.668688, -16.434103)
00 02 3 6
(27.488905, -15.020474)
(27.350906, -15.285475)
(26.953596, -15.585963)
00 -- 1 4
32.16541
-4.4698687
29.237509
-10.180776
00 02 3 6
(32.164776, -4.47004)
(32.400776, -4.45704)
(32.489777, -4.2690396)
00 02 4 8
(38.888348, -6.9806614)
(38.72994, -7.3406253)
(38.72994, -7.940141)
(39.123978, -8.139141)
64 -- 1 4
38.586243
-8.874312
38.99967
-8.072208
00 02 3 6
(36.89538, -13.209164)
(36.795956, -13.012082)
(37.893497, -10.877937)
00 02 5 10
(37.20109, -12.220388)
(36.09709, -11.643388)
(36.404312, -11.048315)
(36.80531, -11.255315)
(37.311775, -12.006966)
00 02 7 14
(31.376657, -24.250227)
(33.37118, -20.360266)
(33.250748, -20.297352)
(32.358204, -21.677296)
(31.94034, -22.525854)
(31.490423, -22.622347)
(29.71641, -23.712101)
00 02 3 6
(36.69696, -27.510456)
(35.31805, -30.221256)
(28.98245, -26.974625)
00 -- 1 4
28.983397
-26.974947
26.512743
-31.776447
00 02 3 6
(23.2559, -32.66461)
(25.480574, -32.66461)
(26.51404, -31.776632)
00 -- 1 4
23.256907
-32.664948
23.256907
-36.0012
00 -- 3 3
2.2550166
7.9892015
-40.31552
09 02 5 10
10.694001
-44.12767
10.03164
-43.47844
9.6621475
-44.244167
8.868148
-44.87417
8.109097
-45.090076
09 02 5 10
10.693938
-44.12801
11.806249
-43.014378
11.106967
-42.280685
11.802039
-41.729446
12.328924
-40.815937
09 -- 1 4
12.329247
-39.99728
12.327638
-40.81728
00 -- 5 6
12.454581
-43.680138
0.39000034
-0.23100281
0.9897938
1.6175957
09 -- 5 6
13.44521
-42.062725
0.38899994
-0.230999
0.30900002
0.50500107
09 -- 5 6
12.455668
-43.680126
0.38899994
-0.22999954
-0.85654545
-1.3957558
09 -- 1 4
2.702241
-111.44149
7.8906236
-114.76962
09 -- 1 4
44.555775
-100.00707
43.31938
-107.79341
09 -- 1 4
46.000034
-8.112279
45.055367
-10.156528
09 02 3 6
42.91185
-5.675995
42.91185
-6.4006805
46.002033
-8.113278
09 -- 1 4
32.00761
-4.0240393
33.540394
-0.97423786
00 02 5 10
(28.199102, -11.5034895)
(28.826263, -10.304639)
(29.684996, -10.7473345)
(29.823996, -10.480334)
(29.236994, -10.179334)
00 02 4 8
(28.201872, -11.499578)
(24.545685, -11.420674)
(23.904924, -12.667325)
(27.491253, -15.021042)
09 02 6 12
26.900188
-14.714579
27.41663
-14.693029
27.998869
-13.88523
26.828089
-13.098317
26.93421
-12.167425
27.274786
-11.481906
00 02 16 32
(-40.910088, -38.132896)
(-40.910088, -37.577747)
(-41.81757, -37.577747)
(-41.81757, -38.133312)
(-43.312378, -38.133312)
(-43.312378, -38.432068)
(-43.98151, -38.77577)
(-44.23151, -38.77577)
(-44.23151, -37.835285)
(-47.81197, -37.835285)
(-47.81197, -38.129)
(-48.62612, -38.495945)
(-48.694046, -38.1328)
(-48.70542, -37.12983)
(-49.597363, -37.12983)
(-49.524124, -38.16455)
07 -- 1 4
-52.879143
-41.80545
-50.428787
-40.05342
00 02 6 12
(-51.787075, -40.144222)
(-50.78956, -40.183586)
(-50.091557, -39.938587)
(-49.84556, -39.763588)
(-50.49193, -38.855537)
(-49.523144, -38.16147)
